R1=(-9.700000,-9.000000)
R2=(-9.700000,-7.500000)
R3=(-9.700000,-6.000000)
R4=(-9.700000,-4.500000)
R5=(-9.700000,2.100000)
R6=(-9.700000,0.600000)
R7=(-9.700000,-1.300000)
R8=(9.700000,-8.300000)
R9=(9.700000,-6.100000)
R10=(9.700000,-2.700000)
R11=(9.700000,-0.400000)
R12=(9.700000,1.900000)
R13=(9.700000,3.300000)
R14=(9.700000,4.700000)
R15=(9.700000,6.200000)
R16=(9.700000,8.000000)
R17=(-7.200000,-9.700000)
R18=(-5.700000,-9.700000)
R19=(-3.300000,-9.700000)
R20=(-2.300000,-9.700000)
R21=(-0.700000,-9.700000)
R22=(1.400000,-9.700000)
R25=(3.100000,-9.700000)
R26=(5.100000,-9.700000)
R27=(6.600000,-9.700000)
R28=(7.400000,-9.700000)
R29=(8.200000,-9.700000)
R30=(9.500000,-9.700000)
R31=(9.500000,9.700000)
R32=(8.400000,9.700000)
R33=(6.700000,9.700000)
R34=(5.300000,9.700000)
R35=(3.800000,9.700000)
R36=(2.600000,9.700000)
R37=(0.900000,9.700000)
R38=(-1.100000,9.700000)
R39=(-2.500000,9.700000)
R40=(-3.800000,9.700000)
R41=(-5.100000,9.700000)
R42=(-6.600000,9.700000)
R43=(-8.200000,9.700000)
R44=(-9.600000,9.700000)
R45=(-7.050000,-7.250000)
R46=(-7.020000,-6.750000)
R47=(-7.250000,-7.100000)
R48=(-6.750000,-6.900000)
R49=(-8.040000,-4.740000)
R50=(-8.020000,-4.250000)
R51=(-8.250000,-4.520000)
R52=(-7.750000,-4.530000)
R53=(-7.100000,0.250000)
R54=(-7.130000,-0.250000)
R55=(-7.250000,0.030000)
R56=(-6.750000,-0.020000)
R57=(-8.040000,2.250000)
R58=(-7.920000,2.750000)
R59=(-8.250000,2.430000)
R60=(-7.750000,2.560000)
R61=(-7.250000,6.680000)
R62=(-6.750000,6.610000)
R63=(-7.030000,6.850000)
R64=(-7.000000,6.350000)
R65=(-3.250000,-4.530000)
R66=(-2.750000,-4.590000)
R67=(-3.040000,-4.750000)
R68=(-3.020000,-4.250000)
R69=(-3.040000,4.250000)
R70=(-2.970000,3.750000)
R71=(-2.750000,4.010000)
R72=(-3.250000,4.040000)
R73=(3.250000,4.040000)
R74=(3.750000,4.010000)
R75=(3.530000,4.250000)
R76=(3.510000,3.750000)
R77=(3.530000,-4.250000)
R78=(3.450000,-4.750000)
R79=(3.250000,-4.530000)
R80=(3.750000,-4.510000)
R81=(7.520000,-7.250000)
R82=(7.470000,-6.750000)
R83=(7.750000,-6.960000)
R84=(7.250000,-6.990000)
R85=(7.250000,-4.020000)
R86=(7.750000,-3.950000)
R87=(7.500000,-3.750000)
R88=(7.520000,-4.250000)
R89=(7.520000,3.250000)
R90=(7.440000,2.750000)
R91=(7.750000,3.030000)
R92=(7.250000,3.080000)
R93=(7.250000,7.070000)
R94=(7.750000,7.010000)
R95=(7.550000,7.250000)
R96=(7.480000,6.750000)
R97=(0.020000,-7.250000)
R98=(-0.020000,-6.750000)
R99=(-0.250000,-7.030000)
R100=(0.250000,-7.060000)
R101=(0.250000,7.060000)
R102=(-0.250000,7.010000)
R103=(-0.060000,7.250000)
R104=(0.010000,6.750000)
